Letter;AQL;Size;Ac;Re
A;0.010;1250;0;1
B;0.010;1250;0;1
C;0.010;1250;0;1
D;0.010;1250;0;1
E;0.010;1250;0;1
F;0.010;1250;0;1
G;0.010;1250;0;1
H;0.010;1250;0;1
J;0.010;1250;0;1
K;0.010;1250;0;1
L;0.010;1250;0;1
M;0.010;1250;0;1
N;0.010;1250;0;1
P;0.010;1250;0;1
Q;0.010;1250;0;1
R;0.010;1250;0;1
A;0.015;800;0;1
B;0.015;800;0;1
C;0.015;800;0;1
D;0.015;800;0;1
E;0.015;800;0;1
F;0.015;800;0;1
G;0.015;800;0;1
H;0.015;800;0;1
J;0.015;800;0;1
K;0.015;800;0;1
L;0.015;800;0;1
M;0.015;800;0;1
N;0.015;800;0;1
P;0.015;800;0;1
Q;0.015;800;0;1
R;0.015;800;0;1
A;0.025;500;0;1
B;0.025;500;0;1
C;0.025;500;0;1
D;0.025;500;0;1
E;0.025;500;0;1
F;0.025;500;0;1
G;0.025;500;0;1
H;0.025;500;0;1
J;0.025;500;0;1
K;0.025;500;0;1
L;0.025;500;0;1
M;0.025;500;0;1
N;0.025;500;0;1
P;0.025;500;0;1
Q;0.025;2000;1;2
R;0.025;2000;1;2
A;0.040;315;0;1
B;0.040;315;0;1
C;0.040;315;0;1
D;0.040;315;0;1
E;0.040;315;0;1
F;0.040;315;0;1
G;0.040;315;0;1
H;0.040;315;0;1
J;0.040;315;0;1
K;0.040;315;0;1
L;0.040;315;0;1
M;0.040;315;0;1
N;0.040;315;0;1
P;0.040;1250;1;2
Q;0.040;1250;1;2
R;0.040;2000;2;3
A;0.065;200;0;1
B;0.065;200;0;1
C;0.065;200;0;1
D;0.065;200;0;1
E;0.065;200;0;1
F;0.065;200;0;1
G;0.065;200;0;1
H;0.065;200;0;1
J;0.065;200;0;1
K;0.065;200;0;1
L;0.065;200;0;1
M;0.065;200;0;1
N;0.065;800;1;2
P;0.065;800;1;2
Q;0.065;1250;2;3
R;0.065;2000;3;4
A;0.1;125;0;1
B;0.1;125;0;1
C;0.1;125;0;1
D;0.1;125;0;1
E;0.1;125;0;1
F;0.1;125;0;1
G;0.1;125;0;1
H;0.1;125;0;1
J;0.1;125;0;1
K;0.1;125;0;1
L;0.1;125;0;1
M;0.1;500;1;2
N;0.1;500;1;2
P;0.1;800;2;3
Q;0.1;1250;3;4
R;0.1;2000;5;6
A;0.15;80;0;1
B;0.15;80;0;1
C;0.15;80;0;1
D;0.15;80;0;1
E;0.15;80;0;1
F;0.15;80;0;1
G;0.15;80;0;1
H;0.15;80;0;1
J;0.15;80;0;1
K;0.15;80;0;1
L;0.15;315;1;2
M;0.15;315;1;2
N;0.15;500;2;3
P;0.15;800;3;4
Q;0.15;1250;5;6
R;0.15;2000;7;8
A;0.25;50;0;1
B;0.25;50;0;1
C;0.25;50;0;1
D;0.25;50;0;1
E;0.25;50;0;1
F;0.25;50;0;1
G;0.25;50;0;1
H;0.25;50;0;1
J;0.25;50;0;1
K;0.25;200;1;2
L;0.25;200;1;2
M;0.25;315;2;3
N;0.25;500;3;4
P;0.25;800;5;6
Q;0.25;1250;7;8
R;0.25;2000;10;11
A;0.40;32;0;1
B;0.40;32;0;1
C;0.40;32;0;1
D;0.40;32;0;1
E;0.40;32;0;1
F;0.40;32;0;1
G;0.40;32;0;1
H;0.40;32;0;1
J;0.40;125;1;2
K;0.40;125;1;2
L;0.40;200;2;3
M;0.40;315;3;4
N;0.40;500;5;6
P;0.40;800;7;8
Q;0.40;1250;10;11
R;0.40;2000;14;15
A;0.65;20;0;1
B;0.65;20;0;1
C;0.65;20;0;1
D;0.65;20;0;1
E;0.65;20;0;1
F;0.65;20;0;1
G;0.65;20;0;1
H;0.65;80;1;2
J;0.65;80;1;2
K;0.65;125;2;3
L;0.65;200;3;4
M;0.65;315;5;6
N;0.65;500;7;8
P;0.65;800;10;11
Q;0.65;1250;14;15
R;0.65;2000;21;22
A;1;13;0;1
B;1;13;0;1
C;1;13;0;1
D;1;13;0;1
E;1;13;0;1
F;1;13;0;1
G;1;50;1;2
H;1;50;1;2
J;1;80;2;3
K;1;125;3;4
L;1;200;5;6
M;1;315;7;8
N;1;500;10;11
P;1;800;14;15
Q;1;1250;21;22
R;1;1250;21;22
A;1.5;8;0;1
B;1.5;8;0;1
C;1.5;8;0;1
D;1.5;8;0;1
E;1.5;8;0;1
F;1.5;32;1;2
G;1.5;32;1;2
H;1.5;50;2;3
J;1.5;80;3;4
K;1.5;125;5;6
L;1.5;200;7;8
M;1.5;315;10;11
N;1.5;500;14;15
P;1.5;800;21;22
Q;1.5;800;21;22
R;1.5;800;21;22
A;2.5;5;0;1
B;2.5;5;0;1
C;2.5;5;0;1
D;2.5;5;0;1
E;2.5;20;1;2
F;2.5;20;1;2
G;2.5;32;2;3
H;2.5;50;3;4
J;2.5;80;5;6
K;2.5;125;7;8
L;2.5;200;10;11
M;2.5;315;14;15
N;2.5;500;21;22
P;2.5;500;21;22
Q;2.5;500;21;22
R;2.5;500;21;22
A;4;3;0;1
B;4;3;0;1
C;4;3;0;1
D;4;13;1;2
E;4;13;1;2
F;4;20;2;3
G;4;32;3;4
H;4;50;5;6
J;4;80;7;8
K;4;125;10;11
L;4;200;14;15
M;4;315;21;22
N;4;315;21;22
P;4;315;21;22
Q;4;315;21;22
R;4;315;21;22
A;6.5;2;0;1
B;6.5;2;0;1
C;6.5;8;1;2
D;6.5;8;1;2
E;6.5;13;2;3
F;6.5;20;3;4
G;6.5;32;5;6
H;6.5;50;7;8
J;6.5;80;10;11
K;6.5;125;14;15
L;6.5;200;21;22
M;6.5;200;21;22
N;6.5;200;21;22
P;6.5;200;21;22
Q;6.5;200;21;22
R;6.5;200;21;22
A;10;5;1;2
B;10;5;1;2
C;10;5;1;2
D;10;8;2;3
E;10;13;3;4
F;10;20;5;6
G;10;32;7;8
H;10;50;10;11
J;10;80;14;15
K;10;125;21;22
L;10;125;21;22
M;10;125;21;22
N;10;125;21;22
P;10;125;21;22
Q;10;125;21;22
R;10;125;21;22
A;15;3;1;2
B;15;3;1;2
C;15;5;2;3
D;15;8;3;4
E;15;13;5;6
F;15;20;7;8
G;15;32;10;11
H;15;50;14;15
J;15;80;21;22
K;15;80;21;22
L;15;80;21;22
M;15;80;21;22
N;15;80;21;22
P;15;80;21;22
Q;15;80;21;22
R;15;80;21;22
A;25;2;1;2
B;25;3;2;3
C;25;5;3;4
D;25;8;5;6
E;25;13;7;8
F;25;20;10;11
G;25;32;14;15
H;25;50;21;22
J;25;50;21;22
K;25;50;21;22
L;25;50;21;22
M;25;50;21;22
N;25;50;21;22
P;25;50;21;22
Q;25;50;21;22
R;25;50;21;22
A;40;2;2;3
B;40;3;3;4
C;40;5;5;6
D;40;8;7;8
E;40;13;10;11
F;40;20;14;15
G;40;32;21;22
H;40;32;21;22
J;40;32;21;22
K;40;32;21;22
L;40;32;21;22
M;40;32;21;22
N;40;32;21;22
P;40;32;21;22
Q;40;32;21;22
R;40;32;21;22
A;65;2;3;4
B;65;3;5;6
C;65;5;7;8
D;65;8;10;11
E;65;13;14;15
F;65;20;21;22
G;65;20;21;22
H;65;20;21;22
J;65;20;21;22
K;65;20;21;22
L;65;20;21;22
M;65;20;21;22
N;65;20;21;22
P;65;20;21;22
Q;65;20;21;22
R;65;20;21;22
A;100;2;5;6
B;100;3;7;8
C;100;5;10;11
D;100;8;14;15
E;100;13;21;22
F;100;13;21;22
G;100;13;21;22
H;100;13;21;22
J;100;13;21;22
K;100;13;21;22
L;100;13;21;22
M;100;13;21;22
N;100;13;21;22
P;100;13;21;22
Q;100;13;21;22
R;100;13;21;22
A;150;2;7;8
B;150;3;10;11
C;150;5;14;15
D;150;8;21;22
E;150;13;30;31
F;150;13;30;31
G;150;13;30;31
H;150;13;30;31
J;150;13;30;31
K;150;13;30;31
L;150;13;30;31
M;150;13;30;31
N;150;13;30;31
P;150;13;30;31
Q;150;13;30;31
R;150;13;30;31
A;250;2;10;11
B;250;3;14;15
C;250;5;21;22
D;250;8;30;31
E;250;13;44;45
F;250;13;44;45
G;250;13;44;45
H;250;13;44;45
J;250;13;44;45
K;250;13;44;45
L;250;13;44;45
M;250;13;44;45
N;250;13;44;45
P;250;13;44;45
Q;250;13;44;45
R;250;13;44;45
A;400;2;14;15
B;400;3;21;22
C;400;5;30;31
D;400;8;44;45
E;400;8;44;45
F;400;8;44;45
G;400;8;44;45
H;400;8;44;45
J;400;8;44;45
K;400;8;44;45
L;400;8;44;45
M;400;8;44;45
N;400;8;44;45
P;400;8;44;45
Q;400;8;44;45
R;400;8;44;45
A;650;2;21;22
B;650;3;30;31
C;650;5;44;45
D;650;5;44;45
E;650;5;44;45
F;650;5;44;45
G;650;5;44;45
H;650;5;44;45
J;650;5;44;45
K;650;5;44;45
L;650;5;44;45
M;650;5;44;45
N;650;5;44;45
P;650;5;44;45
Q;650;5;44;45
R;650;5;44;45
A;1000;2;30;31
B;1000;3;44;45
C;1000;3;44;45
D;1000;3;44;45
E;1000;3;44;45
F;1000;3;44;45
G;1000;3;44;45
H;1000;3;44;45
J;1000;3;44;45
K;1000;3;44;45
L;1000;3;44;45
M;1000;3;44;45
N;1000;3;44;45
P;1000;3;44;45
Q;1000;3;44;45
R;1000;3;44;45